Intensidade de luz, canal A vsPosição angular, canais 1 e 2(&2), Série n.º 1
Posição angular, canais 1 e 2(&2) ( graus )	Intensidade de luz, canal A ( % do máx. )
0,0	333,2
0,0	333,2
0,0	333,2
0,0	333,2
0,0	333,2
0,0	333,2
0,0	333,2
0,0	333,2
0,0	333,2
0,0	333,2
0,0	333,2
0,0	333,2
0,0	333,2
0,0	333,2
0,0	333,2
0,0	333,2
0,0	333,2
0,0	333,2
0,0	333,2
0,0	333,2
0,0	333,2
0,0	333,2
0,0	333,2
0,0	333,2
0,0	333,2
0,0	333,2
0,0	333,2
0,0	333,2
0,0	333,2
0,0	333,2
0,0	333,2
0,0	333,2
0,0	333,2
0,0	333,2
0,0	333,2
0,0	333,2
0,3	333,2
0,8	333,2
4,5	333,2
15,5	333,2
30,0	333,2
48,7	317,7
69,0	211,3
85,5	141,1
98,5	93,8
106,8	63,9
112,7	45,9
121,3	26,7
127,8	17,3
134,2	5,0
141,3	-4,2
147,2	-10,6
152,2	-20,7
156,2	-23,8
160,2	-31,6
165,5	-37,4
171,7	-40,5
177,3	-51,6
184,0	-55,3
191,7	-62,3
199,8	-66,6
207,7	-67,5
216,0	-73,3
224,8	-71,7
232,0	-76,2
240,0	-77,2
248,5	-76,3
257,0	-81,0
265,7	-78,1
274,5	-81,1
283,0	-82,3
291,8	-80,4
300,3	-84,8
309,3	-82,0
316,8	-84,3
323,3	-85,0
331,3	-82,8
339,0	-86,7
346,7	-84,2
354,8	-86,8
363,3	-86,9
371,5	-85,0
379,7	-88,1
388,8	-85,5
398,3	-87,7
407,8	-88,1
417,0	-85,4
426,2	-89,5
435,5	-86,0
445,2	-88,2
455,5	-88,2
465,5	-85,9
475,5	-88,9
485,7	-85,3
496,3	-87,2
507,2	-85,5
518,7	-82,5
529,8	-85,0
539,7	-79,6
552,2	-79,5
565,0	-77,8
580,2	-73,2
594,5	-74,0
606,7	-68,7
618,0	-68,3
628,7	-66,0
638,7	-62,0
648,5	-63,4
658,3	-58,0
668,5	-59,0
678,7	-57,0
688,0	-53,1
697,2	-55,2
706,2	-50,1
715,8	-51,7
725,0	-50,3
734,8	-46,9
745,3	-49,0
755,0	-45,1
764,7	-46,2
774,5	-45,1
783,8	-42,0
793,7	-44,8
804,3	-40,5
814,5	-41,7
825,0	-41,3
836,3	-39,2
847,0	-42,1
857,8	-37,9
867,5	-40,0
877,5	-39,8
886,2	-36,7
897,3	-40,2
909,5	-36,8
923,5	-39,2
937,5	-39,2
953,5	-37,3
970,0	-40,9
985,8	-37,7
1002,5	-40,4
1018,2	-40,4
1033,5	-38,7
1048,5	-43,0
1061,8	-40,1
1076,8	-42,3
1092,5	-43,0
1109,2	-40,9
1126,8	-44,6
1147,0	-40,5
1167,3	-43,3
1185,0	-44,5
1201,5	-43,0
1217,3	-46,4
1231,0	-43,9
1244,0	-47,1
1257,0	-47,7
1270,0	-46,6
1282,5	-49,9
1295,8	-47,3
1308,5	-50,1
1321,3	-51,1
1333,8	-49,7
1347,5	-53,3
1362,5	-50,6
1378,5	-54,2
1393,8	-54,7
1409,5	-53,1
1426,0	-56,9
1444,0	-54,7
1462,7	-57,3
1481,5	-57,6
1499,3	-56,5
1516,3	-61,2
1534,0	-57,8
1552,5	-60,8
1571,3	-61,4
1590,5	-60,3
1608,0	-64,1
1625,3	-62,3
1641,3	-65,0
1656,5	-65,7
1671,8	-64,1
1687,3	-68,0
1701,0	-65,9
1713,3	-68,5
1726,0	-69,3
1738,3	-67,9
1751,0	-71,5
1764,0	-68,8
1777,0	-71,7
1789,5	-72,1
1802,5	-70,6
1816,3	-74,4
1828,0	-71,5
1841,0	-74,1
1855,2	-74,1
1870,3	-73,2
1885,2	-76,8
1901,0	-74,5
1916,0	-76,8
1932,2	-77,2
1946,5	-75,4
1962,5	-79,4
1979,0	-76,7
1996,5	-79,1
2013,5	-79,7
2031,2	-78,1
2049,7	-81,7
2069,5	-78,1
2090,3	-81,2
2110,5	-81,3
2131,2	-79,7
2153,2	-83,2
2177,2	-80,3
2202,0	-83,3
2224,0	-83,3
2246,7	-81,7
2268,5	-85,4
2290,7	-82,7
2313,7	-85,4
2336,3	-85,4
2357,5	-84,3
2378,0	-87,7
2398,8	-84,5
2417,8	-87,1
2432,5	-86,7
2445,3	-85,6
2459,2	-89,2
2472,5	-85,3
2484,7	-88,4
2495,5	-88,2
2505,3	-86,4
2515,5	-89,7
2526,8	-86,3
2538,3	-88,8
2550,3	-88,8
2562,5	-86,6
2575,2	-90,0
2587,0	-86,9
2598,5	-89,7
2611,5	-88,8
2624,8	-87,5
2638,7	-90,7
2650,5	-87,5
2661,5	-89,8
2673,0	-89,5
2683,5	-87,7
2693,5	-91,5
2705,0	-88,4
2716,5	-90,4
2728,8	-90,3
2740,7	-88,5
2753,2	-91,6
2765,7	-88,4
2777,5	-91,2
2790,7	-90,8
2804,5	-89,1
2817,5	-92,0
2830,0	-88,7
2842,7	-91,1
2855,7	-90,7
2867,5	-88,9
2878,5	-92,3
2889,0	-89,0
2899,5	-91,4
2908,7	-91,5
2917,7	-89,4
2926,0	-92,1
2934,0	-89,7
2940,5	-91,8
2946,7	-90,9
2952,7	-89,7
2959,5	-93,1
2966,5	-89,3
2974,5	-92,0
2983,3	-91,5
2992,3	-89,9
3000,0	-93,2
3007,2	-89,6
3013,8	-92,1
3014,8	-91,8
3014,5	-90,0
3014,0	-93,2
3014,0	-90,0
3014,0	-92,3
3014,0	-92,0
3013,8	-89,9
3013,8	-93,4
3013,8	-89,9
3013,8	-92,8
3013,8	-92,1
3013,5	-90,0
3013,5	-93,6
3013,5	-89,7
3013,5	-92,5
3013,5	-92,3
3013,5	-90,2
3013,5	-93,6
3013,5	-90,0
3013,5	-92,8
3013,5	-91,8
3013,5	-90,1
3013,3	-93,4
3013,3	-90,2
3013,3	-92,5
3013,3	-92,1
3013,3	-90,6
3013,3	-92,8
3013,3	-90,1
3013,3	-92,8
3013,3	-92,5
3013,3	-90,8
3013,3	-92,8
3013,3	-90,0
3013,3	-92,6
3013,3	-91,8
3013,3	-90,5
