Intensidade de luz, canal A vsPosição angular, canais 1 e 2(&2), Série n.º 1
Posição angular, canais 1 e 2(&2) ( graus )	Intensidade de luz, canal A ( % do máx. )
0,0	333,2
0,0	333,2
0,0	333,2
0,0	333,2
0,0	333,2
0,0	333,2
0,0	333,2
0,0	333,2
0,0	333,2
0,0	333,2
0,0	333,2
0,0	333,2
0,0	333,2
0,0	333,2
0,0	333,2
0,0	333,2
0,0	333,2
0,0	333,2
0,0	333,2
0,0	333,2
0,0	333,2
0,0	333,2
0,0	333,2
0,0	333,2
0,0	333,2
0,0	333,2
0,0	333,2
0,0	333,2
0,0	333,2
0,0	333,2
0,0	333,2
0,0	333,2
0,0	333,2
0,0	333,2
0,0	333,2
0,0	333,2
0,0	333,2
0,0	333,2
0,0	333,2
0,0	333,2
0,0	333,2
0,0	333,2
0,0	333,2
0,0	333,2
0,0	333,2
0,0	333,2
0,0	333,2
0,0	333,2
0,0	333,2
0,0	333,2
0,0	333,2
0,0	333,2
0,0	333,2
0,0	333,2
0,0	333,2
0,0	333,2
0,0	333,2
0,0	333,2
0,3	333,2
0,5	333,2
1,5	333,2
6,2	333,2
12,7	333,2
20,5	310,0
31,0	265,5
42,2	216,6
53,5	169,6
64,0	138,4
73,7	112,8
82,0	95,1
87,0	85,1
91,5	73,4
95,8	69,2
100,0	62,2
104,5	57,8
108,5	55,3
111,8	50,0
115,2	48,6
118,7	44,8
122,7	41,9
126,8	40,5
130,7	35,0
134,5	34,3
138,2	29,5
142,2	26,1
145,8	25,2
149,5	19,2
154,0	18,1
159,5	12,6
164,8	7,2
170,5	5,4
176,5	-0,8
182,7	-0,9
189,0	-4,4
195,2	-6,4
202,3	-6,2
210,0	-9,9
217,5	-8,6
225,3	-10,9
232,5	-12,0
238,5	-11,0
243,3	-14,4
247,5	-12,2
252,0	-14,5
257,5	-14,6
264,0	-13,7
271,0	-16,6
278,2	-14,6
285,3	-16,0
292,3	-16,8
299,8	-15,4
306,5	-18,4
313,5	-16,0
320,5	-17,6
327,0	-18,2
333,3	-16,9
340,0	-19,5
346,7	-17,5
353,5	-18,7
360,5	-19,2
367,7	-18,1
375,8	-21,0
384,8	-18,3
394,2	-20,1
403,5	-20,0
412,7	-18,9
422,7	-21,3
432,5	-19,0
442,0	-20,3
450,5	-20,1
458,5	-18,2
466,5	-20,8
474,8	-17,7
482,7	-18,4
491,0	-17,7
499,8	-15,6
508,0	-17,1
515,8	-13,4
522,5	-13,7
529,2	-12,3
536,5	-9,9
543,7	-11,1
551,2	-7,5
558,5	-8,0
566,5	-6,1
574,5	-3,3
583,0	-4,4
592,7	-0,8
602,0	-0,7
611,0	1,0
620,5	3,9
628,5	2,8
636,7	6,7
645,8	6,4
655,2	8,1
666,0	10,7
676,7	9,5
688,3	13,4
699,7	13,7
711,0	15,0
721,7	17,3
733,8	16,1
746,3	19,8
758,0	18,9
769,2	19,9
780,5	21,7
792,2	20,3
802,5	23,4
813,7	22,3
825,0	23,4
835,8	25,0
846,5	23,4
856,3	25,8
866,0	24,2
876,5	24,7
888,0	26,5
900,0	23,9
912,8	26,6
925,3	25,1
938,3	25,4
952,8	26,2
968,0	23,8
985,3	26,0
1002,2	24,3
1018,5	23,9
1035,8	24,7
1052,5	21,9
1069,0	24,4
1085,0	22,2
1101,0	22,1
1116,3	22,9
1131,7	20,0
1146,5	22,1
1163,0	19,8
1180,0	19,5
1194,8	19,7
1207,5	16,5
1218,3	18,5
1229,3	16,3
1240,8	16,3
1253,8	17,6
1267,0	14,5
1282,8	16,6
1300,5	14,5
1318,5	14,1
1335,0	14,6
1353,0	11,4
1371,5	13,3
1390,8	10,4
1407,8	10,1
1423,0	11,1
1437,3	8,0
1451,8	9,9
1467,8	7,3
1484,0	6,8
1500,0	7,3
1515,0	4,0
1529,5	6,2
1544,0	3,6
1558,3	3,9
1572,8	4,4
1587,0	0,8
1602,3	3,0
1618,0	0,7
1634,8	0,4
1652,0	0,4
1669,7	-2,3
1687,5	-0,3
1705,0	-3,3
1722,5	-3,1
1742,5	-3,0
1764,3	-5,8
1785,0	-3,9
1805,5	-6,7
1825,8	-7,2
1845,0	-6,4
1863,3	-9,2
1880,3	-7,6
1898,5	-10,0
1917,5	-10,3
1937,2	-9,8
1958,7	-12,8
1982,8	-10,6
2007,8	-12,9
2033,5	-13,0
2058,5	-12,5
2082,5	-15,0
2104,8	-13,7
2124,2	-14,9
2141,7	-15,1
2158,0	-14,5
2174,0	-17,1
2188,2	-15,2
2200,8	-17,1
2213,2	-16,7
2227,0	-15,9
2240,5	-18,5
2256,5	-16,1
2273,5	-18,3
2290,5	-18,3
2308,7	-16,9
2327,7	-19,9
2347,2	-17,4
2366,5	-19,7
2386,0	-19,5
2404,5	-18,6
2422,7	-20,9
2441,7	-19,0
2461,5	-20,8
2480,3	-20,7
2498,8	-19,9
2516,7	-22,9
2536,0	-20,1
2554,7	-22,0
2572,3	-21,8
2590,2	-20,7
2609,8	-23,1
2630,0	-20,5
2649,2	-22,5
2669,3	-22,6
2690,5	-21,3
2709,2	-23,6
2727,7	-21,6
2745,8	-23,6
2761,8	-23,3
2777,5	-22,3
2794,5	-24,2
2811,7	-22,1
2828,5	-24,3
2844,8	-23,8
2860,0	-22,3
2875,5	-24,7
2890,2	-22,5
2904,5	-24,4
2918,5	-24,1
2933,5	-22,6
2949,8	-24,7
2968,0	-22,9
2990,2	-24,4
3006,5	-24,7
3022,0	-22,8
3036,0	-25,7
3049,8	-23,1
3062,5	-25,1
3075,0	-24,6
3088,0	-23,5
3101,2	-26,0
3114,7	-23,1
3128,2	-25,7
3141,7	-25,3
3154,5	-24,1
3168,0	-26,2
3182,0	-23,7
3195,7	-25,6
3210,5	-25,7
3224,5	-24,3
3238,2	-26,3
3251,3	-24,2
3263,5	-25,4
3275,5	-25,7
3288,8	-24,4
3302,0	-26,5
3314,0	-24,4
3323,2	-26,0
3330,7	-26,0
3335,2	-24,2
3336,2	-26,8
3337,5	-24,0
3338,5	-26,0
3339,0	-26,0
3338,2	-23,9
3338,0	-26,7
3338,0	-24,5
3337,7	-26,5
3337,7	-25,8
3337,7	-24,6
3337,5	-26,9
3337,5	-24,2
3337,5	-25,9
3337,5	-25,7
3337,5	-24,4
3337,5	-27,0
3337,5	-24,5
3337,2	-25,9
3337,2	-26,0
3337,2	-24,5
3337,2	-26,9
3337,2	-24,3
3337,2	-25,9
3337,2	-26,0
3337,2	-24,4
3337,2	-26,6
3337,2	-24,6
3337,2	-26,1
3337,2	-26,0
3337,2	-24,6
3337,2	-27,3
3337,2	-24,8
